24,0
1,1
24,2
8,3
2,4
8,5
13,6
25,7
13,8
4,9
26,10
29,11
11,12
10,13
4,14
5,15
20,16
28,17
29,18
19,19
2,20
8,21
23,22
26,23
11,24
16,25
22,26
20,27
26,28
1,29
24,30
13,31
4,32
28,33
28,34
16,35
6,36
25,37
21,38
13,39
0,40
14,41
29,42
3,43
8,44
8,45
16,46
21,47
10,48
24,49
13,50
25,51
4,52
11,53
10,54
1,55
26,56
15,57
12,58
12,59
11,60
9,61
9,62
1,63
29,64
10,65
11,66
23,67
21,68
19,69
26,70
29,71
22,72
10,73
8,74
13,75
10,76
18,77
3,78
4,79
1,80
3,81
8,82
22,83
2,84
4,85
6,86
14,87
1,88
24,89
26,90
25,91
21,92
3,93
25,94
22,95
4,96
6,97
0,98
13,99
1,100